Webots Project File version 8.6
perspectives: 000000ff00000000fd00000003000000000000000000000000fc0100000001fb0000001a0044006f00630075006d0065006e0074006100740069006f006e0000000000ffffffff0000005400ffffff000000010000016200000310fc0200000001fb0000001400540065007800740045006400690074006f00720000000000000003100000003c00ffffff000000030000073f000000d8fc0100000001fb0000000e0043006f006e0073006f006c006501000000000000073f0000005400ffffff0000073f0000032c00000001000000020000000100000008fc00000000
simulationViewPerspectives: 000000ff000000010000000200000100000001760100000006010000000100
sceneTreePerspectives: 000000ff000000010000000200000196000001580100000006010000000200
minimizedPerspectives: 
maximizedDockId: -1
centralWidgetVisible: 1
orthographicViewHeight: 1
textFiles: -1
documentationBook: 
documentationPage: 
renderingDevicePerspectives: 93;1;0.590625;0.0596359;0.0939153
renderingDevicePerspectives: 94;1;0.590625;0.0596359;0.207672
